,0,1,2,3,4,5,6,7,8,9,10,11,12,13,14,15,16,17,18,19,20,21,22,23,24,25,26,27,28,29,30,31,32,33,34,35,36,37,38,39,40,41,42,43,44,45,46,47,48,49,50,51,52,53,54,55,56,57,58,59,60,61,62,63,64,65,66,67,68,69,70,71,72,73,74,75,76,77,78,79,80,81,82,83,84,85,86,87,88,89,90,91,92,93,94,95,96,97,98,99
0,1.0,0.9783183055200312,0.9816071696992095,0.9959670876057233,0.9933983815297921,0.9182956885168013,0.9782826619150317,0.9730098234672275,0.9742796067305545,0.9959236675160061,0.9494211062876153,0.9742848154988624,0.9261185071578469,0.9638137187148044,0.9825243828182035,0.8937308724576969,0.9936942552229261,0.9228472702461166,0.9518872907351591,0.8854089840578437,0.9758812755761377,0.9357022052332873,0.9620412849405328,0.9436087574378543,0.9761472619508915,0.9815439360591305,0.9566311742822124,0.9772342093524994,0.9413603065729803,0.9848367595716274,0.9533862335007117,0.9474725391300618,0.9134872052446672,0.9863732958061466,0.937007504431662,0.9649248228871822,0.9383720352968462,0.9759586807396893,0.8908614507138115,0.9014090504676395,0.8991578443204747,0.9168395873234823,0.9173840402272512,0.9095222829107653,0.9530020903223062,0.9096881428825032,0.8720308706883477,0.8765986284231692,0.9607394388697477,0.9545575928856541,0.9807535519212323,0.8766894374672699,0.9855883952246949,0.8669564545210674,0.91578909803862,0.8824420066532448,0.8795026995144498,0.9289741338943086,0.9376605437222768,0.9784789996339117,0.7060144523270777,0.9719769500195294,0.9082201379040209,0.9192790189208438,0.9323485364583167,0.9670017629876988,0.9207403746981301,0.9698394554218779,0.9345450302949306,0.9315465922728386,0.9545445557862197,0.9664412603897657,0.9347645734329543,0.907539741628945,0.9237736340306206,0.9601458427158299,0.8971677192053419,0.8404624013242958,0.8673624234756411,0.8964574156621616,0.9216351871256019,0.8902744736045266,0.9497111426477517,0.8726848954134732,0.9018226910207093,0.8924626499229908,0.8933588336442815,0.9289679366953085,0.938870758717941,0.9211721400692802,0.8809020125950224,0.9490699434814035,0.9406448099380738,0.9000784794023817,0.8612388864460527,0.9348774439222517,0.941366467196026,0.8893729159692286,0.9499234179866243,0.8931802207449482
1,0.9783183055200312,1.0,0.9469594945101368,0.9586823692728981,0.959958286422903,0.8477655206761063,0.9389222104383181,0.9399141996119256,0.9407886911465495,0.9854245796778528,0.8984748600844903,0.916249745043406,0.8766508313570265,0.9127633017061455,0.9593051798443744,0.8104422745040613,0.970506095217607,0.8577994073251236,0.9070207136122928,0.8239728532809492,0.9317027271379024,0.896023563805126,0.9497123991500233,0.8996853452203285,0.9481761542307063,0.9524940913086922,0.9120043985105957,0.9592899582011646,0.9068461318717963,0.9601987125427092,0.9077892791865401,0.8783671921343762,0.8733785344389453,0.9503391932567549,0.8692426582240959,0.9313203980171861,0.874203587184259,0.9275255510298143,0.8267151255424029,0.8609293614235307,0.8427986763302484,0.8653843931085529,0.8771253430831967,0.8753577019283355,0.9053810761563108,0.8501808848571658,0.796833029941511,0.8369773225602332,0.9016871574259603,0.8928232204038471,0.9655579268774591,0.8262327729627803,0.9842518671744397,0.8011867355517094,0.877394234405137,0.8489474969359232,0.7968835853840371,0.8663301267910517,0.8746363738732584,0.9608390999615434,0.6030770703086911,0.9565222591708341,0.8748341129959709,0.8677332040301569,0.8806033116555139,0.9305909595689632,0.8855463333132105,0.9530424541973613,0.9095176016136063,0.9127513580855473,0.9311597048128395,0.9662712550811761,0.8797007896867899,0.8389773393681735,0.895019093073562,0.9421007314187895,0.8712925748266617,0.820133194746603,0.8311039840505154,0.8661798804744237,0.8667395425250645,0.8526739603467509,0.9134843194607467,0.8326792226982782,0.8666717996059012,0.851954422043279,0.8458066972345282,0.8767732625435063,0.9303648611379326,0.8780390753555317,0.8326125436756096,0.9399511246610659,0.9227728249756328,0.8697597833916636,0.8231932695749071,0.9299994107487174,0.9314724636216681,0.8757018536021215,0.9330628007943115,0.8706376564201105
2,0.9816071696992095,0.9469594945101368,1.0,0.99026003490409,0.9941551272182397,0.9719796932887097,0.9994978205138008,0.9983649254623261,0.9990877920758865,0.9851470819369668,0.9910885038710263,0.987920636796356,0.9800512502761363,0.9947957493606896,0.9975867239444209,0.9506662604562881,0.986877129634806,0.9758875938067656,0.9899655612581717,0.9557394295151024,0.9960011861853536,0.984290613674556,0.9887143654789508,0.9869929461288792,0.9963519982505458,0.9949232136683333,0.990510354153978,0.9932419584238321,0.9851769723616267,0.9909173985661924,0.9897665765186692,0.9778795897564887,0.9703646507932504,0.9877422134972299,0.9723244228795331,0.9913461383476919,0.9769912996367297,0.9829255082629437,0.9533488488033,0.9630069567883749,0.960101494424451,0.9696593269192444,0.9708532694651733,0.9643916950235549,0.9824604619698675,0.9642101522426524,0.9336523731556947,0.9451370899904833,0.971819134519171,0.9681541247592542,0.974707302993081,0.9452549825495125,0.9725258488090093,0.9369152009074077,0.9661214568495922,0.9447299305578456,0.9284876144159582,0.9459605834502571,0.964226946864315,0.9631731841324278,0.8114182469523588,0.9763196334270907,0.957797594948417,0.9642228502111079,0.9666004752263977,0.9628892523770627,0.9656827240974535,0.975503601981179,0.964021474544441,0.9613091948786654,0.9692230585696623,0.9675245014986953,0.9596712936332339,0.9308799765916673,0.9522394253322453,0.9672978833867892,0.9393751806686708,0.9070694408041358,0.9270113267038971,0.9448397347155081,0.9305473083243581,0.9272621741854243,0.9460774078792389,0.9273004522493684,0.9300603427450529,0.9404584962074315,0.9297049988078145,0.9483642900432395,0.954449553881874,0.9379672222354168,0.928255151768857,0.9592712337659941,0.933443022696229,0.9116756433044843,0.9148412132830188,0.9301917753158657,0.9479666246906722,0.922017829082337,0.9455406397377594,0.9281404544392551
3,0.9959670876057233,0.9586823692728981,0.99026003490409,1.0,0.9971073069886296,0.9457675452455929,0.9891532278151886,0.9826405906895401,0.9841636593093324,0.9908405639647684,0.9686443284500034,0.9898891033955118,0.9480234691830144,0.9803630220559387,0.9871366060876524,0.9257272964931685,0.9940846758144682,0.9495123756662112,0.9680617111187713,0.9154452775597779,0.9880683432826389,0.9534699719525872,0.9663959164073712,0.9616074830865275,0.983824265710463,0.9883054155405819,0.9730077071898604,0.9809843589240064,0.9564179179962063,0.9879199932542074,0.9705671943497097,0.9706397831860628,0.9340937505869219,0.9929234301381624,0.961660806245946,0.9765666401188089,0.9621391878927689,0.9877469450764392,0.920661479898752,0.9230915700071417,0.9263874204298655,0.9396793217547283,0.9374246961908744,0.928262362501256,0.9697681467967725,0.935860863772048,0.9053235884628007,0.9001075372391026,0.9771667296981866,0.9725251224749069,0.9800767177239937,0.9035822369792734,0.9781591697917695,0.8987559090839635,0.9350181751497555,0.9031159942197684,0.9123775284135308,0.9486395118403761,0.9593398511715867,0.9764545227386663,0.759170526133379,0.9738438870945896,0.9261379982721138,0.9414056046922543,0.9523039202278186,0.9738392814125967,0.9379601882882644,0.9721730117990182,0.9455410617711982,0.9405798989628653,0.9613216458752286,0.9625656530572738,0.9537346091798846,0.930578292974471,0.9352740067801836,0.9640994947947218,0.9117977645018562,0.85910679884934,0.8893943523498461,0.9133773975834826,0.9383168352377829,0.9087048716179302,0.9574056540656227,0.8949852950594229,0.9167191578850511,0.9131959815194688,0.9136292250632431,0.9468050773096196,0.9420849623858807,0.936228635006356,0.9039487934341579,0.9507090801148264,0.9422305290606339,0.9102489604166918,0.8830758056609721,0.9329265019757557,0.9426809209472138,0.8986324985492639,0.951394540771644,0.9057672353332769
4,0.9933983815297921,0.959958286422903,0.9941551272182397,0.9971073069886296,1.0,0.9554633437527189,0.9922831990478134,0.990630427852772,0.9894910413854802,0.9899589296013405,0.9755908394019872,0.9848721557950116,0.9558931608316474,0.9849997257408087,0.9922663786350042,0.937370440075044,0.9893600636700933,0.9549542319838707,0.9791825548169061,0.9239739237412159,0.9930895875604518,0.9632990287818748,0.9756376275725251,0.9702193784924598,0.9886142894052545,0.9897484303639248,0.9761870068832237,0.9868751949265488,0.9690613382850917,0.994371177557641,0.9770183555320129,0.9696080486482627,0.9444756538271611,0.988175005087179,0.9597505073642608,0.980451462403979,0.9651274613695943,0.9828627245663047,0.9274067044681767,0.9370442997348438,0.9322501008299013,0.9516924957718498,0.9474803234773231,0.9424235161698706,0.9743163133645908,0.9442387699067292,0.9122727105793722,0.9162795079919165,0.9721913400752659,0.9682518476729891,0.9765668961155579,0.9176828774280688,0.9792598920342352,0.9114606648628175,0.9445396032401253,0.9183190484582416,0.9149187382223138,0.9475421356872334,0.9558624040825902,0.9743201313546235,0.7711200385654856,0.9752583210752539,0.9369436649973382,0.9479902684360462,0.9562832288590462,0.9678116700647059,0.9470237310967909,0.9748901496450363,0.9521422965228638,0.9500866288092984,0.9668583903579785,0.9681480277219745,0.9549911418804298,0.9316733906559872,0.9471578535753685,0.96378947890081,0.9232723315537491,0.8785358198403842,0.9017896432692591,0.9268623003018414,0.9322109598342769,0.9113257962458166,0.9514168315455822,0.9039285032825157,0.9239925264210082,0.9192508366578329,0.9204885204029856,0.9425244209371761,0.9469380253875593,0.9330036181786141,0.9121049045160623,0.9570415716912816,0.9400878205603963,0.9128919008753466,0.8944734615823337,0.934338502156736,0.9493562264843107,0.9123709070237416,0.9510898572278529,0.9152541142780333
5,0.9182956885168013,0.8477655206761063,0.9719796932887097,0.9457675452455929,0.9554633437527189,1.0,0.975988262419659,0.9771338083543287,0.974853824499046,0.9180853943885287,0.9923715061639591,0.9685147485499709,0.9877731145453642,0.9877668288155506,0.959774152327221,0.9945724807345647,0.9283595941381475,0.994172779458627,0.9889442574358207,0.9844522073117009,0.9785922956370818,0.9831486364863785,0.9527771778237902,0.9854821320660082,0.9649678381903374,0.9575934037509612,0.9786516404377338,0.9528703670726555,0.9806823126909594,0.9520870009939213,0.9839003940076697,0.98134842520283,0.9755856094635597,0.9442005707481607,0.9768391324585912,0.9675904259569674,0.9850798309304483,0.9528077366087389,0.9789722649218152,0.975389840831506,0.9770788961722915,0.984409788736795,0.974242774909091,0.9688169287605505,0.9735473510338423,0.9830242277277096,0.9699390063322381,0.9641507617269901,0.953654723484979,0.9546681091698261,0.9126367755609223,0.9711531254142468,0.9002063541061326,0.9753727147982287,0.9663730276392095,0.9546905351106993,0.9604173145118851,0.9403758815653214,0.9593110874506525,0.9012123189304989,0.9073463266142758,0.9251459042262169,0.9557069894723584,0.969882708595982,0.9643505431000867,0.9180185699171551,0.9602409262558949,0.9273824631887853,0.9399843842158154,0.9356340558690626,0.9350816129339017,0.906910057090845,0.953071161080888,0.9369734759832323,0.9376268881810651,0.9185665978704445,0.9297447326041938,0.9159114059614397,0.9366123107633119,0.9436418497313301,0.9104703319363711,0.9166022333406652,0.9029628288928115,0.9337790391015015,0.9179120774148902,0.9397975319322303,0.9312627276075908,0.9316285658214749,0.9085627481995471,0.9145596016484681,0.9373071655086754,0.912449704836167,0.8784572083122459,0.8834625733370376,0.9232034650201189,0.8694697844880367,0.9013967039244845,0.9016969824572086,0.8921248657065635,0.9110071143535154
6,0.9782826619150317,0.9389222104383181,0.9994978205138008,0.9891532278151886,0.9922831990478134,0.975988262419659,1.0,0.9977306241981735,0.9991240952954866,0.9817418519229437,0.9936219315566223,0.9909952829787191,0.9838824305660555,0.9971407246442361,0.9964932118405381,0.9563069756407224,0.9859074352061629,0.981245403702387,0.9914349458222645,0.9621035330476619,0.9969213276014764,0.9869295388148377,0.9875456811164478,0.9899416560666149,0.9966290553630008,0.9954878509691969,0.9938249673326661,0.992359995912509,0.986557552187502,0.9894835127487168,0.9926680410990129,0.9834575659910281,0.9745127126731161,0.9890089780920378,0.9788964468572223,0.9933175259434937,0.9825279347729008,0.9861005189652549,0.961015353928281,0.9670907742965821,0.9668703036497287,0.97417627537033,0.9751305736322374,0.967685497989472,0.9861955818201941,0.9704554506169397,0.9429144785153624,0.9500667208505797,0.9766796502562528,0.9734623250186957,0.9745988683584791,0.951402800432898,0.9694560544625892,0.9446454666004287,0.970745975960834,0.9494274590777485,0.9383280536267153,0.9523646385496312,0.9710947910170656,0.9625896913918363,0.8262289054471598,0.9765736263667585,0.9623036559256736,0.9701509330025414,0.9721456916040309,0.9658221257353472,0.9700033801652665,0.975958497772374,0.9672608512489776,0.9635487338916588,0.9708339568573705,0.9657663139631874,0.9655542678319421,0.938314451926993,0.9549411899822562,0.9690315487529472,0.9437526035917534,0.9117183171309482,0.9334549062886336,0.9491618422562008,0.9374373786252721,0.9342873843048768,0.9499276079867155,0.9344990534384282,0.9351618289790186,0.9473166266660483,0.9364188022850942,0.9551372992513786,0.9559734042935422,0.944304400851628,0.9356438624225526,0.9597732104794664,0.9356083819467106,0.9167109374950365,0.9217350602044064,0.9312086657124063,0.9486568464168423,0.9247491274981408,0.947043170388537,0.9326800417957877
7,0.9730098234672275,0.9399141996119256,0.9983649254623261,0.9826405906895401,0.990630427852772,0.9771338083543287,0.9977306241981735,1.0,0.9989626428129893,0.9783524184954947,0.9935437229759434,0.9809044139503991,0.9841036374113337,0.9949999503256333,0.996787396819992,0.9579897527492022,0.978347885171815,0.9786784104987746,0.9951145714366777,0.9619730522709279,0.9959688105523125,0.9894331973048154,0.9916150487993678,0.991270010085284,0.9961178631173481,0.9921860501251741,0.9905917354435143,0.9934626980597201,0.9920445744904175,0.9909905593688567,0.9923463386463593,0.9754650477718105,0.9771255949601578,0.9803544549570911,0.970091867167262,0.9915975641193628,0.9780564574698695,0.976317876859581,0.9589248687361727,0.9726323057879406,0.9647044318672243,0.9776421218814614,0.9774472740395393,0.9741113769727835,0.9840470637939721,0.9702185893371741,0.9401857651157323,0.9572784511721432,0.9661073189451914,0.9633075197654771,0.9681931202857573,0.9562223915233123,0.9679894070831518,0.947327844866149,0.9726446673500317,0.9561825418933335,0.9316324126322983,0.9445242442276517,0.9609815634642097,0.9574909348991786,0.8256556035861978,0.9741097973587184,0.9655409169425864,0.9688629056108371,0.9689683034429145,0.955865213318818,0.9717656543690254,0.9742860951961925,0.9677323376275669,0.9669297788700155,0.9710796917411739,0.9676884440080863,0.9599198165114108,0.9317681035056121,0.9597829167803246,0.9646739200556254,0.9479296946662445,0.922600017677135,0.9374766879022336,0.9548054303517856,0.9258805735529093,0.9304370142073948,0.9399287066927384,0.935356356092368,0.935682800354228,0.945827941819797,0.9355471387009278,0.9450073008394407,0.9561826850841386,0.9356129252712722,0.9355728414547322,0.9614256006955287,0.929908792277217,0.9136286723860048,0.9249918615901342,0.9290340939891973,0.9505790928356906,0.9319928026715651,0.9430034628728049,0.9354276951274727
8,0.9742796067305545,0.9407886911465495,0.9990877920758865,0.9841636593093324,0.9894910413854802,0.974853824499046,0.9991240952954866,0.9989626428129893,1.0,0.9809095648449501,0.9939714962427453,0.984960942368839,0.9863741470695156,0.9958222899291144,0.9977505704653685,0.9535789457519169,0.983054349476675,0.9805945618109975,0.9927399609261747,0.9648127294891972,0.9951954318591086,0.9905235556448606,0.9927024911081352,0.9919293567048302,0.9977552305774348,0.995114200266449,0.9938349927433394,0.9947011289593393,0.9905749613412181,0.9892702282159624,0.9931163632648099,0.9782613163302089,0.9792241185470375,0.9850672937321905,0.9744935315994928,0.9942089379096232,0.9797198619285545,0.9808066408150459,0.9619571383482634,0.9727182565030128,0.968847870126442,0.9764562773157363,0.9792901987687136,0.9733738750813922,0.9850950957352462,0.971233906214546,0.9418111784663492,0.95699475247644,0.9700716105573476,0.9667853509958529,0.9732699063213281,0.95624500542686,0.9700015023207847,0.9469052810132027,0.974691645196256,0.9564139436414453,0.9336525464586657,0.9462086643553743,0.9661347032597789,0.9595608995870224,0.8266249357929408,0.9771208736070156,0.9670928048355304,0.9707589063395257,0.9708856967087127,0.960795820808985,0.9736837866946986,0.9766511266995128,0.9702381847820858,0.9678953992806355,0.9718432295923489,0.9689092189932463,0.9621392068372726,0.9321983589174322,0.9575766771549518,0.9693758254292142,0.9487680104594127,0.9218517434923862,0.9392239567008996,0.9545135047154548,0.93092225914445,0.9355829118924944,0.9449155224377244,0.9385845292039094,0.936054865227318,0.9501779742759702,0.9363467185239017,0.9508464062457544,0.9596247544854445,0.9412524636146725,0.937158652935671,0.9626930411060937,0.9335833943237924,0.9156143692897815,0.9261628496065142,0.9321686989310999,0.9508981559504298,0.9305972566015392,0.9458075497554425,0.9370047659531876
9,0.9959236675160061,0.9854245796778528,0.9851470819369668,0.9908405639647684,0.9899589296013405,0.9180853943885287,0.9817418519229437,0.9783524184954947,0.9809095648449501,1.0,0.9549467346098319,0.9705570334598655,0.9378937542402698,0.9661836274483289,0.9899439373197454,0.8888572085663977,0.9965350813320323,0.9284889328681006,0.9568549579856385,0.8989860018288983,0.9762888096877961,0.9488714042987876,0.9778707147086249,0.9535049329712132,0.9845999847827053,0.9884093852815959,0.9650212666852269,0.9878053790352258,0.9532688257704196,0.9874195258385831,0.9605759753546183,0.9454074404694323,0.9308141267952948,0.9879643666812846,0.9387377597919453,0.9748129820079174,0.9405225247697524,0.9751424743414503,0.9023933653537459,0.9188689522444743,0.9136133235250251,0.9265743186673037,0.9337339429656011,0.927007370477562,0.9582564273617481,0.9188650638378347,0.8789354737914532,0.897011163519504,0.9575504266639401,0.9510939249125662,0.9886966216280667,0.8934241422820789,0.9934078223289958,0.8781813627414983,0.9325648132050445,0.904001819263705,0.8800397737966589,0.9262158832701026,0.9396452126731165,0.9806527011078955,0.716371507587506,0.9823503628184422,0.926766386087793,0.9296187714370726,0.9392000787353662,0.968531735894822,0.9371422954145465,0.9798057702317445,0.9504279033170874,0.9487088553340295,0.9645976499375911,0.979997444338825,0.9377290806169825,0.9041571359106466,0.9348100364048052,0.9723301846687822,0.9165814647380447,0.8686238853366601,0.8892485720179206,0.9150110635667146,0.9221730833913417,0.9073348660039889,0.9523828382403625,0.8928665022926178,0.9133619003294436,0.9107695464654205,0.9031646971476776,0.9342325284862193,0.9570883582943289,0.9293709491647204,0.8945605340633296,0.9634282863726223,0.9484910966388622,0.9094534956336172,0.8807708926891524,0.9480163400727386,0.9539772347756612,0.9089386450387023,0.9580847463808055,0.9124838520841493
10,0.9494211062876153,0.8984748600844903,0.9910885038710263,0.9686443284500034,0.9755908394019872,0.9923715061639591,0.9936219315566223,0.9935437229759434,0.9939714962427453,0.9549467346098319,1.0,0.98274695243008,0.9961573598594072,0.9980418561316614,0.985308256178814,0.9780310317318262,0.9623340088888929,0.9955136483563419,0.9966833054352319,0.9849910182685563,0.9920543740575328,0.9957953444385614,0.9812934605795933,0.9970513631650917,0.9888898337893771,0.9840437420004216,0.9951130953634636,0.9814266723374105,0.993397950132883,0.9756179321862088,0.9963708426642796,0.9868440456992007,0.9882198548931864,0.9718737439544869,0.9844428030145751,0.9897112597753132,0.9902055280520756,0.9741096012367254,0.9813588915791055,0.9843797284183947,0.9844796427597151,0.9889335073342322,0.9874959669185539,0.9812384096475194,0.9874147540133154,0.9866405298697987,0.9660222008327214,0.9718548677716083,0.9691281437978356,0.9679921948701075,0.9516745899986955,0.9746218676917512,0.9419256661475128,0.9711086000356152,0.9817726015659111,0.9674175255820631,0.9562219440725742,0.9509923609699514,0.9721922816583102,0.9370751163512693,0.878803529675186,0.9601253795258575,0.973057363012686,0.9805694536639824,0.977121796733169,0.9478050488430985,0.9781386015631829,0.9608071700926746,0.9662779826905405,0.9625296578467353,0.9623879787070095,0.9465472477120246,0.9665124239506179,0.9421962360560808,0.9563673225806958,0.9544020654340658,0.951305250107296,0.9322869458434565,0.9511870064787622,0.9604128383688317,0.9304268659230652,0.9397312690355067,0.9331665300989023,0.949784806601946,0.9376286752017874,0.9582717769563023,0.9445006946954475,0.9520515326345966,0.9456756410751085,0.9394290695747719,0.9490840034712507,0.9473667263457219,0.9157997938130468,0.9103181085483218,0.9376494588621038,0.9113276413343842,0.9355349413208727,0.9273796721872661,0.928269145577453,0.9364875885611174
11,0.9742848154988624,0.916249745043406,0.987920636796356,0.9898891033955118,0.9848721557950116,0.9685147485499709,0.9909952829787191,0.9809044139503991,0.984960942368839,0.9705570334598655,0.98274695243008,1.0,0.9696461008023542,0.9907550043771155,0.9807851538175058,0.9540206728269887,0.9838361486970685,0.9767940253272076,0.9760622529526999,0.9506003088762338,0.9902795697368795,0.9686283382990519,0.9620651817402671,0.9763753299091301,0.9833962030281728,0.9874612122932127,0.9872261734426209,0.9750233163002581,0.965300760254639,0.9770084796171373,0.983573810693038,0.9927860066091035,0.956263699913558,0.9923505348280314,0.9885305017300122,0.983703259162219,0.9854598027538441,0.9949814480208351,0.9570580682850862,0.945584416051676,0.959776921444818,0.9613701567042376,0.9588097386057689,0.9458882915903052,0.9833283496944317,0.9645971740162568,0.9462910836348962,0.9266567953575885,0.9911048700178233,0.9885547736048178,0.9715933465236943,0.9347583339980887,0.9566965500241357,0.9360437720429787,0.9562707852506026,0.9267665377966523,0.9523966350938041,0.9678305937310133,0.9839872213380505,0.9630468645936671,0.8318521130756119,0.968334752907331,0.9461307551724032,0.9660030397822963,0.972967688700789,0.9763137084517016,0.9564306076357526,0.9671542437085335,0.9557708900904939,0.9469083863658263,0.9622360448996754,0.9481084591668113,0.9730282544892255,0.9544607210337869,0.942072408655752,0.9643303682549613,0.9282581533572638,0.8822433567492791,0.9180185772622135,0.9313954047830826,0.95748117535273,0.9344045290942811,0.9626786192685848,0.9252856433816772,0.9321828680532819,0.9411129896311627,0.9370887236144463,0.9685343455722117,0.9424913455083035,0.9550516874566302,0.9328152825901013,0.9458738774202143,0.939362819315661,0.9208416449989798,0.9113795161727886,0.9257824286327409,0.9370114401945099,0.9058995907335274,0.9469534158640924,0.9206094382267371
12,0.9261185071578469,0.8766508313570265,0.9800512502761363,0.9480234691830144,0.9558931608316474,0.9877731145453642,0.9838824305660555,0.9841036374113337,0.9863741470695156,0.9378937542402698,0.9961573598594072,0.9696461008023542,1.0,0.9904757516870567,0.9755484727622319,0.9716767974860655,0.9471220661624004,0.9961202984735211,0.99010357827618,0.9946535911500946,0.9793590061514396,0.9979792711396506,0.9785935589609734,0.9960460832752319,0.9814661616072567,0.9749197252944414,0.992530823161264,0.9735589827427023,0.9918693790614688,0.9597190256218977,0.992126352621553,0.978583755988549,0.9953731022254022,0.9583922980639432,0.9801993457844601,0.9851354787125584,0.9852250294094577,0.961190236834127,0.9884691683612725,0.9917182233688363,0.9928018449742134,0.9896007667168335,0.9931667251557555,0.9858942648314378,0.980898353612199,0.9890827845690698,0.9704999378134094,0.982489846246803,0.9560997272024839,0.9552223879529881,0.9394287418137001,0.9838602738625124,0.925902053015311,0.9782771001163786,0.9870444439813456,0.9772159379914397,0.9549011832141672,0.9388539991172387,0.966669450464576,0.918021800957081,0.8980803812239184,0.9503453371753235,0.9787123814412639,0.9815516178528971,0.9735177944172289,0.9334719889151841,0.9817131268442663,0.9510553305252006,0.965883664474836,0.9617596540166214,0.9540207049009201,0.9364536663351983,0.9591539549871791,0.9310705881785556,0.9507816203179384,0.9475302418584539,0.9553186312959354,0.9461817025154031,0.961773819789456,0.9648374219125185,0.9198564682289704,0.944023903158203,0.9197435646327847,0.9592822912244746,0.9340683075887916,0.9656661368597176,0.9428748788911135,0.9466505092220615,0.9432739254125225,0.9345943975828727,0.9526651084450227,0.9403288762128474,0.9030935852762947,0.902936356495876,0.9452567582604808,0.9015295967796018,0.9263827190972055,0.9274422190032253,0.9156417889897112,0.9391613304068271
13,0.9638137187148044,0.9127633017061455,0.9947957493606896,0.9803630220559387,0.9849997257408087,0.9877668288155506,0.9971407246442361,0.9949999503256333,0.9958222899291144,0.9661836274483289,0.9980418561316614,0.9907550043771155,0.9904757516870567,1.0,0.9897820542202304,0.9743175457822635,0.9739412454923758,0.9916389263399381,0.995898823651044,0.9752560141730218,0.9969982347938593,0.9913283777692009,0.981330236569681,0.9949838897824131,0.9926739324212566,0.9903055287048493,0.9963159316181054,0.9857302587209886,0.9901282730558824,0.9837672879147685,0.9967856946437661,0.9915021859184928,0.9818502049727493,0.9827208831415665,0.9877493531641522,0.9925364008366551,0.9920809106654773,0.9848163679956624,0.9759601186894541,0.9766526387696055,0.9784631400843818,0.9852794398491027,0.9826509925149248,0.9753961640791181,0.9912415541199435,0.9834543630596608,0.962803369686391,0.9623670047453879,0.9799738349813163,0.9784391677132489,0.9638226681779356,0.9662275539020081,0.9545459199317736,0.9637810650499461,0.97840088054237,0.9599641817756911,0.9581759821032775,0.9616549116515013,0.9789850963062011,0.9528479054508923,0.8634190541055321,0.9693425363154341,0.9699541418619495,0.9805368860855919,0.9806445154417075,0.9621781853056325,0.9765478360692275,0.9699957154144483,0.9692674323377501,0.9647971804036569,0.9697286820701324,0.9554717220051724,0.9737601733711029,0.9517388903144766,0.9603320479767604,0.9635834619480645,0.9510011006020717,0.9231692551519575,0.9459631137888183,0.9580062659743203,0.9436062898216081,0.9426297580402667,0.9481554168898286,0.9468785412730824,0.9431545706230899,0.9573184023387814,0.9485179832214347,0.961225410341902,0.9518598466806806,0.9491287824175223,0.9494561981177807,0.9551203207598858,0.930782629574031,0.9214778343757177,0.9351778209084212,0.9244504211244173,0.9449746568664227,0.9293194752454581,0.9418376615831511,0.9387678197476416
14,0.9825243828182035,0.9593051798443744,0.9975867239444209,0.9871366060876524,0.9922663786350042,0.959774152327221,0.9964932118405381,0.996787396819992,0.9977505704653685,0.9899439373197454,0.985308256178814,0.9807851538175058,0.9755484727622319,0.9897820542202304,1.0,0.9369586816112602,0.9895082561533196,0.9674790241822835,0.9871320964830823,0.9487095586285649,0.9933062903813339,0.9834108594751735,0.9949594535121147,0.985774710188661,0.998836373529398,0.9975269212050806,0.9893314146767322,0.9986755762254145,0.986117867031927,0.9946952973507632,0.9883678601793882,0.9703697556418078,0.9713597044933251,0.988619940792616,0.9662843147771236,0.9938425450925541,0.9717677225726353,0.9818308586315363,0.9494349697141438,0.9643584054332736,0.9573266039638354,0.968563130777208,0.9728060687838128,0.9684012133484118,0.9829299476917607,0.9616284633128298,0.9291258062839283,0.9483371366032969,0.9693370220368335,0.965428385550399,0.9834499059005819,0.9457720290003658,0.9836975585577707,0.9336263368584378,0.9702196413818792,0.9510377102536656,0.9228345708611024,0.9462705743617621,0.9621159944553771,0.9725164223481509,0.7994422487257099,0.9861249955238084,0.9645882027690497,0.9657027785171282,0.9682866196284893,0.9683295037256494,0.9714882246146713,0.985542564746934,0.973881545961542,0.9727852246152219,0.9787688594286366,0.9816104661618166,0.9614590458853473,0.9306826289143771,0.9620588117172807,0.9780810131204914,0.951041857178861,0.9197302543365476,0.9355558016151178,0.9540974070798919,0.9346298494246311,0.9371400803955803,0.9537376887822124,0.9355418517796649,0.94069419453586,0.9478304850842431,0.9368176542277984,0.9519521714300274,0.9693822561339624,0.9455042516393656,0.9347765574723386,0.9734561929191647,0.9475184756259467,0.9254376666690046,0.9246983055791561,0.9481181955644918,0.9632139722620036,0.9381970457246194,0.9588117551206267,0.9422542350260947
15,0.8937308724576969,0.8104422745040613,0.9506662604562881,0.9257272964931685,0.937370440075044,0.9945724807345647,0.9563069756407224,0.9579897527492022,0.9535789457519169,0.8888572085663977,0.9780310317318262,0.9540206728269887,0.9716767974860655,0.9743175457822635,0.9369586816112602,1.0,0.9023710504009886,0.9847415457410307,0.9783167616877393,0.9732271522663242,0.9660608954318318,0.9667652789107368,0.9273185520803824,0.9724598605339033,0.9447832773154157,0.9370980542145168,0.9630785618814116,0.9304675446182262,0.9667606231140398,0.9365927520422395,0.9719426443420541,0.9759894848399415,0.9612584509519426,0.9249238048239712,0.9706361735406368,0.9503613609066908,0.9806142511504035,0.940044559737163,0.9745868028833153,0.9646297314957294,0.9669302319442704,0.9799866656655776,0.961935640708501,0.9587227915876371,0.9661851698161774,0.9796818914906062,0.9755135548400148,0.9564377632047286,0.947716680626598,0.9511013979755044,0.8899044213607679,0.9671791134800855,0.8750225373657591,0.9779680599946066,0.9559799211251898,0.9466648682830668,0.9702923572004093,0.9452708003625082,0.955085120757814,0.8860491209837812,0.9268911022379177,0.9064271057247617,0.9466260386142621,0.9659356407310303,0.961293984818825,0.9068378233828559,0.9504100563225701,0.9106988436787034,0.9285597884245815,0.9241116757508019,0.924761967922923,0.8859253660009088,0.9528486478209011,0.9475881845931073,0.9356225950358396,0.9011912761196779,0.9244640364341545,0.9103012698354715,0.9329643628279349,0.9389726668786407,0.9118723895038409,0.912590194969056,0.8956593080948085,0.9307775076625309,0.9197051211105199,0.9340017167609317,0.9360731287170946,0.92804788984583,0.8921426945695863,0.9109231263160106,0.9403317890091473,0.8982429538818305,0.8694241169974515,0.8855646071083471,0.9244018449913372,0.8571202251674498,0.891271433716184,0.8980873852580288,0.8816142045726231,0.9066707862047256
16,0.9936942552229261,0.970506095217607,0.986877129634806,0.9940846758144682,0.9893600636700933,0.9283595941381475,0.9859074352061629,0.978347885171815,0.983054349476675,0.9965350813320323,0.9623340088888929,0.9838361486970685,0.9471220661624004,0.9739412454923758,0.9895082561533196,0.9023710504009886,1.0,0.9426393791720142,0.9605097357272196,0.91368739059564,0.9812504530770142,0.9547947967060626,0.9752490501506692,0.9609326812414151,0.9873391893865289,0.9930412253787092,0.9750873247796363,0.9874606972877211,0.95587792072412,0.986416868882087,0.9690362338250307,0.9629379682806904,0.9396995338408893,0.9966698328331404,0.9585849820784236,0.9817973438890069,0.9564707534117081,0.9883540574680876,0.9208662905614526,0.9264926243351881,0.9302319995784863,0.9365619744173694,0.9431754076003198,0.933204453190706,0.969469542625567,0.9339147993310107,0.9013675488357168,0.905616985562506,0.9749350863165833,0.9693805254961539,0.9935348124011855,0.9057639697693153,0.9899528426338198,0.8949250181921578,0.943016935233113,0.9124233239808985,0.9057770234699091,0.9460068225665477,0.9605401867196,0.9846844690201765,0.749179030689589,0.9863996252735784,0.9365168027926671,0.9445665475976783,0.9546000129519467,0.9816948294804818,0.9471857844148507,0.9837598469652642,0.9589704016210757,0.9540423846759579,0.9705376954794348,0.9777744043212183,0.9550358866877713,0.9255901332140155,0.9410047410789804,0.9800930246220512,0.9259076105366842,0.8751588004813949,0.9026023882914204,0.9236032309755727,0.9445535336536365,0.9259120466713255,0.9677058377357843,0.9091701185209816,0.9266812321894138,0.9273402502337522,0.9201516701780277,0.9552056486487637,0.962200240476043,0.9489501146410183,0.9122277070483202,0.9661229005807056,0.958436509947481,0.9241499922689885,0.8959781404398383,0.9536121471162691,0.9572119267259527,0.914207589899451,0.9659106652191637,0.9229294414530934
17,0.9228472702461166,0.8577994073251236,0.9758875938067656,0.9495123756662112,0.9549542319838707,0.994172779458627,0.981245403702387,0.9786784104987746,0.9805945618109975,0.9284889328681006,0.9955136483563419,0.9767940253272076,0.9961202984735211,0.9916389263399381,0.9674790241822835,0.9847415457410307,0.9426393791720142,1.0,0.9887306811267317,0.9939725717883248,0.9807087803449359,0.9916211110945041,0.9641901731687355,0.9931226338873359,0.9750428806775628,0.9702099610352489,0.9909418986288063,0.9639234914706546,0.9854773988579196,0.9559097847845505,0.9915975434454332,0.9892290864261275,0.9886883990341505,0.9589562315549857,0.9896921051881619,0.980908725756766,0.9930787503389638,0.9667865163657887,0.9921823713065118,0.9852874385145228,0.9927096384577325,0.9902189758780329,0.9877856829426253,0.9791952976939723,0.9838702388536901,0.9926984071545064,0.9810423214482215,0.9756278876127482,0.9667885150517599,0.9672082312891473,0.9335920985763951,0.98184744065569,0.9152982375578834,0.9830271213698547,0.9823475942717763,0.9694990270569003,0.9717489072126397,0.9532751444712682,0.9766345003848529,0.9169329393346206,0.9156946670902926,0.9439288198934249,0.9730233066012288,0.9842410162693642,0.978700947069234,0.938122991280414,0.9771361832304565,0.9450681321784117,0.9603065718124663,0.9539789990189449,0.9509391667325227,0.9244369656628136,0.9678957149136417,0.9480776885323984,0.949170822010965,0.9420641541970269,0.9498715450300556,0.934494734748753,0.9573165551314662,0.959698115524667,0.9328553894108823,0.9448285272719428,0.9258809457660268,0.9573454509317109,0.9368346430621646,0.9640587040003871,0.9489663223195501,0.9551368501903981,0.9333929981679993,0.9407615306673217,0.9565225333595345,0.9319935371850807,0.9032368910622557,0.9071920567144682,0.9443626661883253,0.8955421084521833,0.9202823743499653,0.9204566942794532,0.9142485847789096,0.9344431508587536
18,0.9518872907351591,0.9070207136122928,0.9899655612581717,0.9680617111187713,0.9791825548169061,0.9889442574358207,0.9914349458222645,0.9951145714366777,0.9927399609261747,0.9568549579856385,0.9966833054352319,0.9760622529526999,0.99010357827618,0.995898823651044,0.9871320964830823,0.9783167616877393,0.9605097357272196,0.9887306811267317,1.0,0.9761374099605299,0.9944125115576998,0.994027477251941,0.984050896729115,0.9967370361118933,0.9901179510637054,0.9841887871678923,0.9918099274582468,0.9849549169217059,0.9969131861362215,0.9839255179605365,0.9965206239782717,0.9822236304801277,0.986206451427768,0.9697525095380661,0.9781765376068915,0.9898328283546312,0.9880836430473371,0.971922088893396,0.9765104745529057,0.9854783303839575,0.9778658718728489,0.992053494075313,0.9871684768154284,0.9857355266448511,0.9900234679590925,0.9861070003791358,0.9646493595385159,0.9746849212426303,0.9677218342621089,0.967324666239378,0.954125844467406,0.9760803420476986,0.9498159518546488,0.9718312085711021,0.9832731229892908,0.9721180443304387,0.9555148422175087,0.9560901132984485,0.9687725667466506,0.9459081478342163,0.8719673926722651,0.9659488865959603,0.9772756915560468,0.9823134837945589,0.9799587862655296,0.9505028826814953,0.981483878703194,0.9679858255973739,0.9724426839840729,0.9716257615803832,0.9718816966299536,0.957219286939003,0.9703465130771665,0.9492039813262637,0.9704085770316837,0.9588154267401067,0.9610248922734231,0.9424353551230629,0.956564996330495,0.9695720115652033,0.9336317624568877,0.9433890423790545,0.9379893053577953,0.9536923890685386,0.949678021018092,0.9601744412284318,0.9537291033732335,0.9522244514278092,0.9539959168399349,0.9426043442736558,0.9557114988812694,0.9587986844863772,0.9264066242192491,0.923709784495208,0.9460323762427788,0.9243108227050411,0.949948097623095,0.9437642582112631,0.9389394529320919,0.9475979373950736
19,0.8854089840578437,0.8239728532809492,0.9557394295151024,0.9154452775597779,0.9239739237412159,0.9844522073117009,0.9621035330476619,0.9619730522709279,0.9648127294891972,0.8989860018288983,0.9849910182685563,0.9506003088762338,0.9946535911500946,0.9752560141730218,0.9487095586285649,0.9732271522663242,0.91368739059564,0.9939725717883248,0.9761374099605299,1.0,0.9586863836710237,0.988738944296155,0.955194309818757,0.9859367231776339,0.9586813656799792,0.9504546966070927,0.9795792064345746,0.9474240876638607,0.9795161172836926,0.930282210699678,0.9799188586526582,0.969830281221205,0.9916886495670876,0.9317108773140559,0.974659374348954,0.9676185839570618,0.97910927241292,0.9399360094300393,0.9936534169091694,0.989935208024252,0.9955648650836214,0.986182413804475,0.9887182803025046,0.9809742379996147,0.9682938529990995,0.9892175881430549,0.9792780300001955,0.9849222572637667,0.9398419181235568,0.9408837656536242,0.9079740474816366,0.988666242007878,0.887139498949964,0.9869090139096862,0.9823217908517659,0.9771598760466157,0.961165277539415,0.9284551050720624,0.9587280980016962,0.8839083580088897,0.9348188292927745,0.9230926935565548,0.9738496698153,0.9779175518693911,0.966016744244777,0.9088769011799067,0.9748161247689107,0.924485984613058,0.9520635734408035,0.9465362426869084,0.9331684011597453,0.9046816958214434,0.9495109733125322,0.9251904316980168,0.9369766577093853,0.9237387121488885,0.9485571367808195,0.9484722547114238,0.9643904691199404,0.9599586814930645,0.9078140367218817,0.9405790822746963,0.8975968766663012,0.961550025409549,0.9251526130399382,0.9646744979664853,0.9392732839986274,0.9367659221075677,0.9220093460782126,0.9234016129565643,0.953517832205344,0.9158314895847613,0.8770739405023534,0.8887573329519471,0.9476327868227511,0.8738958099399501,0.9016473411459034,0.9157642979470684,0.8890400054867599,0.930657981366926
20,0.9758812755761377,0.9317027271379024,0.9960011861853536,0.9880683432826389,0.9930895875604518,0.9785922956370818,0.9969213276014764,0.9959688105523125,0.9951954318591086,0.9762888096877961,0.9920543740575328,0.9902795697368795,0.9793590061514396,0.9969982347938593,0.9933062903813339,0.9660608954318318,0.9812504530770142,0.9807087803449359,0.9944125115576998,0.9586863836710237,1.0,0.9842052457397246,0.9823965878141627,0.9902977251264364,0.9947216035828119,0.9935887579184555,0.9923302374055956,0.9902153012343423,0.987731402524497,0.9936778539027868,0.9946038814695932,0.9879700738187176,0.9727144640289658,0.9879603183239465,0.9823468057546223,0.9929532156240826,0.9881532907843465,0.9886203001711509,0.9639572425822452,0.9681260200303837,0.9660779351272271,0.9803779134144698,0.975494358587371,0.9713128022209181,0.9924448534458354,0.9760568019904021,0.953188394497062,0.9531798541861167,0.9835709716950207,0.9819895486391615,0.9738856491597607,0.9563189652869603,0.9690855652299569,0.9530525849929548,0.9733002544949418,0.9536927314923731,0.9522308243437699,0.9678548706610264,0.9773185658745609,0.9693322548067741,0.8393668801218286,0.9789772982323209,0.9668455539774374,0.9771468488833209,0.9809612349882809,0.9722944831930608,0.9740666624386802,0.979777037179928,0.9725632801837987,0.9697763181642339,0.9790227022916381,0.9683622655035217,0.977013539305245,0.9573576927621795,0.9685980642119778,0.9718031772341094,0.9531705212837198,0.9191775518706141,0.9411130888899115,0.9582116710374161,0.9512031852451159,0.9434007201381749,0.9597881265811192,0.9424900411502694,0.9510102956327693,0.953425909454811,0.9523024693511407,0.9640104759544335,0.9600527547473188,0.9546466036284164,0.9487664160363449,0.9664581923783973,0.9467239497204809,0.9342282530675122,0.9342457681238996,0.9407303241847983,0.9591037199015742,0.9385172773872048,0.9570290609870026,0.9438837700382695
