,0,1,2,3,4,5,6,7,8,9,10,11,12,13,14,15,16,17,18,19,20,21,22,23,24,25,26,27,28,29,30,31,32,33,34,35,36,37,38,39,40,41,42,43,44,45,46,47,48,49,50,51,52,53,54,55,56,57,58,59,60,61,62,63,64,65,66,67,68,69,70,71,72,73,74,75,76,77,78,79,80,81,82,83,84,85,86,87,88,89,90,91,92,93,94,95,96,97,98,99
0,0.0,247.8419657765811,70.60035410676068,59.75650592194962,55.631286161655474,148.8825040090339,75.4535618774886,92.57126984113376,69.60201146518683,98.9876760006012,103.55003621438286,99.02403748585492,116.38625348381998,96.47300140453805,56.927673411092435,175.3414953740272,34.516083207687394,130.31304616192503,119.64681358063825,145.86980496319313,97.8521333441433,109.12763169793432,83.6267899658955,128.36389679345203,67.1026079970071,65.06027974117542,97.06059962724319,65.08640411022873,113.45488089985375,70.3047651301105,106.8971468281544,107.57792524491258,131.90435929111666,61.75759062657804,130.20080644911536,88.14624212069396,124.75676334371616,71.15307442408937,155.20554113819517,134.21534934574362,134.16691097286244,132.21860686000286,123.59207094308275,145.36767178434138,116.30580381047199,133.1981981860115,181.44574946798835,153.44301873985665,95.56024277909721,110.80595651859154,60.36025182187364,149.19369959887715,119.01915812170745,154.9024208978026,125.11290900622525,152.83572880710844,166.96838024009216,156.10816762744992,109.18223298687383,73.36893075410055,216.11765314291193,74.07050695114756,132.1051096665076,122.67538465397205,118.28359987758235,83.27808835462062,120.3443392935455,80.83786241607332,115.98452482982374,117.8123932360259,99.53612409572717,96.24572717788567,113.84533367687935,145.42932991662994,130.22062048692595,89.60334815172924,146.98081507462123,168.0201178430726,154.42719967674088,136.77192694409186,132.86143157440387,154.0410334943258,100.02279740139245,151.2751136175412,150.24583188894127,138.50111912905254,146.412977566881,118.41976186431047,108.57605629235205,123.88720676486334,146.8426368600074,109.73495341047902,109.14229244431327,150.90314774715603,157.43557412478287,110.67953740416517,107.28000745712129,142.9415614858044,102.11679587609474,138.58459510349627
1,247.8419657765811,0.0,303.8991444542087,306.2857489339,297.7397521326301,387.5776567347504,309.13104017552166,325.6918175207968,272.52185233481737,161.25991442388897,330.8280671285313,343.0357998810037,331.56531784853496,331.1902776350779,261.8789033121989,416.7577233837425,258.658152780847,362.5275851573229,353.84182907056083,367.73365361359026,337.0118692271831,321.19302607622103,263.80894601965264,361.66455452532256,277.8210935116338,291.79266611757055,323.602472178443,270.8228203087768,335.26379166262495,301.90488568421677,336.80475056032094,341.04030553587063,351.86156368662944,247.30798612256743,368.6075012801557,310.9880383551753,360.3069385954148,298.8487242736699,387.03302184697367,345.7073328698713,346.9071345475616,357.4346933357197,335.2244621145659,370.2830808989252,349.8976421755368,356.78503331838346,419.24412935663156,371.0371409980408,327.0650699784372,347.2453887382812,258.251892539048,363.8276515054896,157.69159774699474,374.0194647341232,335.6486257978721,371.1233757121747,404.0297018784634,395.3752141953261,326.0775367914815,294.53869015801644,443.647337420163,267.3689585572716,344.4119045561579,332.0127858983747,338.4501292657458,301.1179171022541,312.4268874472874,254.93246164425588,329.9252794194467,328.9339751378687,312.4787992808472,221.70250336881628,329.8492989230082,377.53311113066627,349.3389328431631,268.13160947564535,364.8670442777752,374.9754125272749,364.4057628523457,337.8692646572044,360.5900165007345,377.2333495331504,310.9753044857421,360.839521117075,374.08556507836545,333.9395753725515,366.8440540611228,313.2056193621053,273.78560955609044,336.6363022610604,355.3794591700539,251.43102433868418,316.1287079656006,373.5579740816678,364.61947287548975,307.51156075829084,278.9147540020069,344.15439848998005,271.6173043088382,335.170479010309
2,70.60035410676068,303.8991444542087,0.0,36.98661920208442,28.107116536564188,84.53407596939829,9.060353193998566,26.698501830627126,46.602682326235254,149.2303253363739,36.31859028101174,50.45879507082982,52.32676179547135,31.75358247505311,47.59296166451506,115.44561490156306,59.340121334557445,63.78745958258567,55.03862280253749,77.77023852348661,40.227975340551254,47.6656060488063,63.708790602239496,62.88115775015597,40.337203671052855,29.36000681198831,36.81154710141914,45.88125979089938,48.629620603085115,35.708402372550914,43.66932561879105,57.62811813689564,65.49114443953472,85.56056334550398,73.62309420283827,36.277954738380714,66.00424228790146,54.23181722937191,90.63713367047747,70.8243602159596,74.5727161903065,68.92089668598342,63.63183165680523,81.5603457569915,60.63505586704774,72.09778082576467,121.77951387651373,88.31245665250175,64.5762340184065,70.60092067388356,76.4803896433589,86.27334466682046,165.61778286162388,93.34393392181411,69.18157269099916,90.22798900562951,111.52528861204529,109.45359747399809,76.19114121733575,71.67433292329967,152.61064838339428,74.10674733113038,76.22394636857895,75.91679656044504,72.07634840916957,75.5916000624408,80.18160636954089,88.74170383759825,70.73895673530957,72.84291317623149,68.34390975061348,118.00885559990826,79.80657867619686,101.96391518571656,84.10112960002381,90.26123198804679,94.35194751567136,110.24105405882148,98.80328941892573,89.19781387455636,98.58443081947574,104.08501333045022,89.76775590377649,99.04993690053517,103.67468350566594,96.7897205285768,99.61470774940817,101.2976307718991,100.90138750284855,93.7725439561069,100.74269204264893,116.33610789432488,95.72674652363362,112.33027196619797,107.81692816993072,98.43012750169534,103.59058837558555,102.74745738946537,110.85580724526794,101.09718096959973
3,59.75650592194962,306.2857489339,36.98661920208442,0.0,21.77154105707724,93.2311106873666,38.680227507086876,48.07286136688766,72.8834686331544,153.87150483439095,64.03975327872524,42.28522200485649,83.97642526328445,51.07602177147316,68.57871389870184,117.74531837826929,56.29884545885466,81.06423379024808,69.23554000656021,102.00215683994138,45.834048479269214,80.93207028119323,91.4603739331958,76.73336953373024,64.14857753684021,45.40925015897091,59.825078353479825,67.49192544297429,74.90854423895848,41.1708634837794,62.92090272715419,64.291601317746,90.44910170919333,88.85516304638689,76.3183464181451,57.965852016510546,73.96546491437743,52.182755772381356,103.17480312556938,99.23729137778803,99.49391941219324,88.1024403748273,91.20877150800794,98.04101182668404,67.68308503607086,90.91776504072239,125.02943653396187,110.53071971176159,59.766545826239614,64.27005523570055,76.58694405706498,109.86828477772829,170.2449999265764,112.97362524058437,93.40321193620699,109.42138730613866,112.93608812067114,101.58759766821933,82.60169489786514,59.44274556243175,164.85144827995902,81.68231142664855,97.09809472899043,94.8867219372658,83.32712643551318,67.79498506526865,104.23550258908911,97.77034315169402,84.36829973396407,87.59018209822378,76.20734872700926,128.0631094421809,85.8314627627888,98.40127031700352,92.309316972882,98.1072882104077,105.66380648074345,129.79614786271586,117.17525336008453,109.4548308664355,91.19890350218033,108.82077007630483,82.75481859082285,115.4263401481655,105.93719837715173,115.39653374343617,105.64582339117814,106.05658866850281,113.96946959602822,94.93029021339817,114.02210312040381,127.90637200702709,89.81091247727082,108.61878290608858,122.5015918263922,96.98783428863642,111.22517700592793,114.45090650580273,111.60197130875422,114.47624207668593
4,55.631286161655474,297.7397521326301,28.107116536564188,21.77154105707724,0.0,94.4671371430298,32.37529922641642,41.14608122288197,60.06662967072483,145.6517765082184,57.69826687171808,54.222135701206014,77.4728339484235,47.48431319920296,55.25432109799196,120.88821282490696,55.79928314951725,80.94078082153644,65.52526230393893,99.74186683634912,44.640340500493494,71.58212067269312,77.90378681424929,76.57682417024095,52.43128836868306,39.72404813208241,56.842237816609575,55.055971519899636,66.14597493423163,28.8277643947636,59.05116425609236,66.16199815604121,86.4351780237653,84.89546513212588,82.8039250277425,52.57413812893179,75.79505260899289,54.28664660853533,105.08586964953948,91.32381945582435,95.96374315333891,83.03035589469673,84.29139932401169,95.35218927743611,68.15423684555495,87.39588090980033,129.70104085935472,105.68367896700039,64.37421844185761,70.8,74.44165500578289,104.03384064812758,161.1997518608512,108.45754929925349,87.08708285388826,105.66475287436204,117.62040639276843,109.14229244431327,83.32490624057131,60.46023486557094,165.81314785022326,75.05997601918082,91.74987738411426,88.99151644960321,80.63132145760727,71.0644777649143,95.2,89.12373421261027,80.70941704658757,82.07338179946042,70.67927560466364,117.33780294517193,83.64831139957339,101.86662849039423,87.76679326487894,93.07545326239352,103.63802391014603,124.47907454668837,113.16377512260715,101.43155327608861,97.90423892763786,112.2139028819513,85.78088365131242,112.55771852698508,107.00789690485465,110.65423624968003,104.9525607119712,105.31856436545269,106.3721768133002,97.20987604148048,110.34056371072245,117.74565809404609,91.29074432821763,112.07158426648569,118.67872597900602,95.69033389010616,102.56237126743902,108.49428556380285,106.92520750505935,109.12749424411797
5,148.8825040090339,387.5776567347504,84.53407596939829,93.2311106873666,94.4671371430298,0.0,80.18753020264435,63.17151256697911,121.63732979640749,232.46281423057752,63.06353938687552,62.49927999585275,76.61696939973547,59.79832773581549,128.30884614865803,35.03483980268784,138.72620516686817,40.00362483575707,38.222506458891466,56.124860801609124,55.351964734777034,82.98216675888862,135.5457118465944,38.289554711435336,115.43465684100248,102.02960354720585,75.12096910982977,122.10257982532556,63.893739912451515,92.591360288096,59.65735495309862,69.90429171374244,62.2347169994369,159.7936168937921,48.66466890876789,87.37368024754365,47.793828053421294,110.07797236504676,42.93203931797324,74.87429465444065,81.67716939267667,53.760208332929665,81.13568881817667,53.1240058730514,57.586804043982156,62.01741690847822,54.27854087943042,63.96217632319901,92.85558680014897,76.33059674861713,148.6033646994576,71.31030781030186,245.99829267700213,67.62514325308302,85.97697366155661,67.4029672937327,57.57812084464028,68.426310729134,104.74330527532535,122.93494214420895,87.63583741826172,140.78934618784191,83.35562368550787,96.10020811631992,85.75902284891077,123.09362290549417,116.21170336932506,156.4517817092538,93.47732345333814,95.28987354383466,105.55680934927884,190.50994724685637,102.27003471203088,78.34851625908432,84.26749076601249,152.53576629761298,82.13257575408188,92.50491878813796,89.37650698030215,102.4605289855562,96.2318034747349,84.96728782302046,127.93811003762718,94.5122214319397,84.73611980731711,116.902352414312,87.24196238049669,137.1730294190516,157.12148166307495,112.63587350395966,100.94136912089117,178.26429816427068,128.81475070813903,99.23789598736967,100.63975357680484,136.49307674750395,155.06450270774417,111.44097092182929,166.11754874184726,118.53476283352492
6,75.4535618774886,309.13104017552166,9.060353193998566,38.680227507086876,32.37529922641642,80.18753020264435,0.0,26.46431559666715,47.7007337469771,153.03450591288228,29.95012520841941,45.19247725009108,46.65147371734359,24.43358344574123,50.76770627081748,111.26095451684746,61.74495930843262,56.720807469569756,51.4629964148999,71.22948827557306,36.345563690772494,43.17591921430278,66.25979172922293,58.39734583009745,40.68611556784452,28.39295687314021,29.040661149498646,48.19751030914356,44.96231755592676,37.274119707915304,37.08153179144573,49.29391443170242,60.11123023196248,85.16360725098485,66.40850849100588,31.182687504447077,58.7,49.591934828155274,84.09137886846665,65.7294454563554,67.15176840560493,62.91549888540979,57.87089078284522,77.39741597753765,54.58534601887214,64.73299004371728,116.24130074977654,83.3148246112299,57.899568219460846,63.87613012698875,77.07424991526028,80.13338879643116,168.68028930494518,86.36758651253373,63.30876716537765,85.44799588053543,104.86181383134664,104.5387966259417,68.6247768666682,71.36273537358277,145.53405099838318,73.84686858628469,70.85449879859429,69.0875531481612,65.08371532111546,71.98610977126073,75.48085850068215,88.5514539688649,66.22756223808936,69.3855892819251,65.19969325081216,119.9249765478401,73.22130837399725,95.6882960450232,80.131704087708,88.68686486735226,89.73717178516381,106.0912814513992,93.06105522720017,84.47508508430163,92.47680790338732,98.37174391053561,85.67403340569416,92.76831355586884,98.83223158464044,90.62030677502698,93.59145260118576,95.3674997050882,99.5859427831057,87.72684879784524,94.26218754092227,116.04464658052952,92.89004252340506,107.88123099038127,101.9811747333791,96.68588314743782,102.50385358609695,99.33403243601862,109.36708828527895,96.64496882921532
7,92.57126984113376,325.6918175207968,26.698501830627126,48.07286136688766,41.14608122288197,63.17151256697911,26.46431559666715,0.0,67.84541251993387,173.20461887605654,31.96075718752608,47.004680617998034,51.278065486131595,25.86426105652354,69.14072605924818,92.83404547901594,82.5794163215023,50.066056365565686,30.8441242378512,65.5975609302663,24.595934623429134,47.06378650300037,78.35815209663893,40.61046663115311,59.215200751158484,46.57252408878007,38.05837621339092,62.79617822765968,32.522146300636436,38.294124875756076,31.9631037291437,57.150765524181736,50.876713730350154,108.8845259896924,61.18896959420056,40.76076544914239,52.78721436105527,69.74553749165605,72.21107948230659,59.44274556243175,70.6713520459316,52.16742278472265,57.2157321022811,59.24052666882697,46.17358552246078,60.64189970639112,100.31031851210523,69.51575361024291,69.06113233939912,66.21208348934505,94.24096773696671,72.44611790841522,186.78104828916665,79.727285166372,62.740417595039965,70.91149413176964,93.9614814698023,91.96434091537871,82.56173447790447,78.08994813674805,134.70337783441067,87.960218280766,65.32564580622223,74.81370195358602,67.78060194480423,85.07855193878184,82.97252557322815,103.90591898443515,63.91251833561247,64.24515545938074,67.25890275643813,133.73241940531847,80.73685651547254,89.45395463589075,69.59748558676527,103.8,77.52573766175979,92.43614011846233,85.495263026673,81.33978116518387,91.851183988014,89.32054634853058,95.65646867828647,88.42307391173415,87.37900205426931,95.68782576691771,86.93928916203537,109.5673308974897,109.95653686798252,92.84373969202231,92.8247811739947,128.41121446353506,96.25487000666512,98.40447144312093,96.17712825822989,98.87385903260781,110.17095806064319,91.78349524832882,121.51543111885009,95.33105475132434
8,69.60201146518683,272.52185233481737,46.602682326235254,72.8834686331544,60.06662967072483,121.63732979640749,47.7007337469771,67.84541251993387,0.0,115.63234841513858,59.970742866834655,89.65734771896835,61.30611714992232,64.69899535541491,20.72293415518179,154.06219523296429,55.537014683902484,91.99788041036598,91.84965977073622,97.0877953194942,79.82455762483121,53.27288240746881,36.75595189897821,99.2482241654731,22.835060761907336,42.89522117905443,58.04687760767154,32.19254572102057,72.00479150723234,62.172662802875024,71.65640236573422,78.87464738431481,87.24356709809612,59.3703629768254,106.68219157853855,52.38740306600433,95.95566684672667,60.74076061426956,120.48003984063087,82.1488892195141,81.21231433717426,92.06758387184928,72.21246429806976,111.17751571248569,91.7442096265481,90.2465511806407,157.28687167084226,109.36836837038395,82.1488892195141,97.81124679708363,67.95851675838725,100.09715280666079,132.3788502745057,108.33946649305598,77.24868930926918,113.32890187414682,143.1284737569712,146.71209902390464,79.64571551565093,87.40160181598505,175.2541012358912,62.625873247404705,89.91351400095539,77.17570861352684,84.71841594364238,83.74580586512974,68.90166906541523,67.22678037806064,86.02214831076937,88.0933595681309,78.99848099805465,90.38451194756765,86.64548459094681,128.9690272895008,106.12638691673244,74.19865227886555,117.80169778063473,127.50466658126675,112.74058719023952,93.7611859993249,122.7828978319049,130.31945365140234,97.95488757586321,111.13793231835834,130.7290709827007,93.8038378745774,119.91430273324363,94.09569596958194,84.83772745659799,105.02837711780563,109.39579516599348,91.55566612722558,108.62780491200216,139.97299739592634,119.37771986430299,108.08811220481186,92.96580016328585,114.91392430858846,99.45350672550465,106.14617279958803
9,98.9876760006012,161.25991442388897,149.2303253363739,153.87150483439095,145.6517765082184,232.46281423057752,153.03450591288228,173.20461887605654,115.63234841513858,0.0,173.90011500858762,186.55830187906406,175.41949720598336,174.08319850002758,106.87843561729373,262.6399817240322,103.99923076638596,204.67488854278142,200.5687911914513,211.15340395077698,182.61697620977083,166.51858755105988,115.63667238380738,208.00771620302936,121.87288459702593,136.27340166004515,166.32197690022807,118.14634992245846,182.44519725111977,151.132392292321,180.77046218893173,181.3942942873342,198.15902704646084,88.08722949440515,210.90663811269667,155.35765188750761,202.72742784339766,140.49555153100044,230.8007798946962,192.8730152198591,190.01315743916263,202.5536965843872,181.07998232825184,219.0342438980718,194.79794660108715,200.0,264.50754242554217,219.2509977172282,169.4815624190431,190.62266392011207,107.87882090568102,210.0357112493016,45.75193984958452,218.26360209618093,182.08668265416887,220.3156826011258,247.58667169296493,243.02263269086689,167.6872088145068,147.94850455479434,286.3187733977638,117.52803920767163,192.60841103129428,176.461355542793,182.63594936375478,148.70628769490548,160.85707942145413,106.61613386350116,179.3033463156781,180.4494389018708,162.58585424322746,87.79271040354091,174.5307995741726,223.47798549297872,200.52104627694322,120.0541544470661,215.85180101171267,228.61977167340535,213.7942936563088,188.9503638525208,207.8749624173147,226.14101795118904,161.22109043174223,209.36570874906903,224.71593178944835,182.74090948662808,215.06510642128816,160.44949361091795,132.75918047351755,184.80248916072532,203.50675664458907,115.4296322440646,171.92800818947447,226.4729564429272,214.94883112033895,167.3349933516597,139.8211715013145,200.55475561551762,131.6185397275019,189.3050712474444
10,103.55003621438286,330.8280671285313,36.31859028101174,64.03975327872524,57.69826687171808,63.06353938687552,29.95012520841941,31.96075718752608,59.970742866834655,173.90011500858762,0.0,51.4902903468217,25.16445906432324,17.1583798768998,69.65809357138623,96.10520277279477,88.57589965673507,33.38802180423392,39.366102169252166,44.52875475465264,38.031697306325945,27.66026030246281,77.31422896207398,45.64164764773506,56.28720991486432,50.528110987845174,24.743686063317245,65.81800665471418,29.8496231131986,55.40983667184014,24.495101551126503,41.05167475268214,40.64787817340531,103.28799543025318,55.849440462729795,37.16517186829626,44.350422771378405,64.71669027383895,64.43795465407014,43.78641341786285,45.521972716480555,41.68033109273485,40.19962686393992,61.71912183432295,47.189935367618375,42.58227330709341,100.8022321181431,62.147003145767215,62.87487574540406,63.88466169590319,98.74051853216085,56.26944108483752,188.01087734490255,61.28825336065631,48.672476822121965,67.913547985656,89.86439784475273,99.06184936694852,66.25896165802781,90.6080018541409,120.57814893254914,89.95826810249295,57.4390981823357,56.463793708889234,56.20711698708625,86.14528425862903,67.79564882792995,102.85061983284301,64.05497638747515,67.32941407735552,70.40319595018397,135.5396989815161,69.77284572095365,87.71180080240059,74.18921754540885,101.49014730504632,79.87646712267637,90.20116407231117,76.96265328066595,72.83604876707687,91.74557210023816,90.00116665910504,95.95358252822038,78.39164496296783,91.76600677810929,80.57971208685224,83.47604446785915,96.66793677326521,108.13995561308502,87.87155398648643,81.36491873037176,126.0446349512743,102.96547965216303,105.59000899706373,87.99573853318125,107.43020990391855,111.40022441629101,93.92635412917932,121.73779199574798,91.35294193401765
11,99.02403748585492,343.0357998810037,50.45879507082982,42.28522200485649,54.222135701206014,62.49927999585275,45.19247725009108,47.004680617998034,89.65734771896835,186.55830187906406,51.4902903468217,0.0,70.31358332498779,37.14512081014141,92.03803561571705,85.93346263243441,85.97813675580554,50.18575495098186,50.28160697511566,73.87123932898378,33.25296979218548,73.53937720704467,108.6160209177265,51.02950127132344,80.21845174272562,59.716329425040854,47.7179211617606,87.39199047967725,64.45347158997721,59.75784467331465,45.88202262324537,40.401608878855306,69.27481504847198,110.274929154364,38.01065640054115,56.302753041036986,42.280137180477546,58.7962583843564,68.16890786861705,82.86132994346639,77.58221445666526,65.68104749469211,76.64959230159023,74.96665925596525,44.517861583863166,65.89385403814228,89.42393415635436,87.2639673633969,48.518037882832814,40.90232267243512,98.99616154174868,87.08042259888269,201.10604167950797,86.44651525654461,78.95796349957362,86.59676668328905,77.01921838086908,72.069410986909,69.56292115775473,77.21372934912547,127.77339316148726,99.25945798763965,80.90735442467513,81.42364521439703,67.06929252646101,74.1644119507463,99.49371839468057,116.3915804515086,74.99393308795052,80.88263101556477,77.72361288566043,152.32977384608697,74.8799038460921,72.53419883062058,80.31867777796145,111.15304764152893,86.32496741962895,110.56672193747991,96.14572273377532,98.60344821556698,70.05711955254797,82.80434771194084,84.0633094756565,94.26558226627574,84.98970525893121,102.30659802769321,84.16056083463323,101.1021265849537,124.29400629153443,82.1143105676471,95.55626614722867,144.23591785682234,92.17830547368507,90.42123644365851,103.0970416646375,102.88342918079665,123.57653498945501,106.183849996127,125.48721050370034,105.73178330095449
12,116.38625348381998,331.56531784853496,52.32676179547135,83.97642526328445,77.4728339484235,76.61696939973547,46.65147371734359,51.278065486131595,61.30611714992232,175.41949720598336,25.16445906432324,70.31358332498779,0.0,39.54440541973036,73.36893075410055,109.30032021911006,97.05792085141738,42.24464463100619,56.67662657568815,37.188170162028676,60.47941798661756,17.263835031649254,73.16720576870487,56.95621125039832,59.65735495309862,59.716329425040854,32.449961479175904,69.30627677202116,38.86193510364609,72.9314746868593,39.88934694877819,55.428241898873175,36.72873534441391,107.1380417965533,68.51868358338476,44.78839135311738,58.59701357577876,75.62407024221852,68.59300255857006,35.6931365951495,33.24154027718932,48.84669896727925,31.70425838905556,67.24581771381771,62.17587956756221,45.67274898667694,109.4835147408047,59.824744044584094,76.94153624668537,79.95623803056269,104.41379219241105,51.42956348249516,188.93289814111253,60.390396587537,43.50126434944161,67.80117993073571,100.14968796756183,113.95613191048562,71.15476090888086,104.8711590476619,120.49912862755481,94.4057201656764,55.695601262577284,55.351693741022956,63.34263966713102,96.92450670496085,60.63827174318213,105.26632889960588,68.0594592984693,71.62401831787993,79.42896197231839,136.01602846723617,77.46612162745726,101.42588427023941,84.38655106117325,102.7861858422619,84.5931439302264,87.53856293085921,74.06753674856482,70.98337833605837,103.88455130576442,95.55396381103193,105.82362685147396,75.76278769950325,101.67226760528163,74.07185700385809,90.95603333479313,98.9021738891517,106.35318518972528,94.11036074736937,82.22530024268686,125.60254774486066,113.05237724170156,116.56757696718243,87.78952101475437,115.08692367076287,115.20052083215596,98.05615737933034,126.90563423268487,91.71264907306951
13,96.47300140453805,331.1902776350779,31.75358247505311,51.07602177147316,47.48431319920296,59.79832773581549,24.43358344574123,25.86426105652354,64.69899535541491,174.08319850002758,17.1583798768998,37.14512081014141,39.54440541973036,0.0,70.84320715495593,90.65318527222306,82.70816162870506,34.61574786134195,33.8325287260648,53.38014612194313,24.041630560342615,40.05945581257938,82.63752174406007,41.17341375208036,57.4,45.351515961431765,23.468276459936295,66.07571414672717,33.92653828494738,46.11680821566038,20.31846450891405,33.52745143908197,46.160155978939244,101.04771150303206,46.92430074066102,34.66641025546198,36.89837394791267,56.46910659820996,62.886882574985385,53.15787806148774,54.21033111870836,42.962309062712166,48.091995175912594,61.088133053810054,37.63190136041494,44.83034686459609,95.29029331469182,66.50383447591575,52.07456192806619,51.27923556372501,93.32009429913795,62.72766534791487,187.64658270269672,65.76290747830421,53.48831648126533,69.56119607942348,83.01204731844649,87.64565020581455,62.19935690985881,79.40050377673934,122.281478564826,86.55610896984683,59.479071949720264,58.96515920439798,52.593630793091286,76.43951857514541,73.25817360540734,101.04830528019755,60.467263870626724,64.41863084543166,64.52906321960671,135.31075345293144,64.67426072248526,77.9567187611177,68.390715744171,99.07956398773665,76.25063934158192,92.58920023415259,78.75125395827041,75.35409743338447,80.71777994964926,83.89278872465738,86.61547205898032,79.05289368517765,84.24494050089892,83.27208415789772,77.96640302078839,93.46421775203599,107.74395574694665,80.88881257627658,80.68928057679037,126.11011061766618,93.41926996075274,95.84237058837809,88.06565732452124,99.5467729260974,108.53036441475722,91.46720723844147,116.96905573697687,90.05137422604943
14,56.927673411092435,261.8789033121989,47.59296166451506,68.57871389870184,55.25432109799196,128.30884614865803,50.76770627081748,69.14072605924818,20.72293415518179,106.87843561729373,69.65809357138623,92.03803561571705,73.36893075410055,70.84320715495593,0.0,159.15263114381742,43.304041381838715,101.07230085438839,95.30603338718907,107.9535085117663,81.24506138836995,62.777703048136445,30.27276003274231,102.44515605923006,18.708286933869708,37.296648643008126,63.37191807101944,18.394564414522026,76.42807075937479,55.04543577809154,76.35548441336745,86.45975942598962,93.02687783646186,55.240926856815136,111.4531740238922,53.225933528685054,101.59040309005572,60.11655346075655,126.554336156451,89.62700485902673,91.88035698668132,98.09689087835557,79.10853304163844,113.81124724736128,93.66344003932377,98.01530492734285,161.23783675055927,114.63856244737195,83.93449827097318,99.51884243699783,53.84459118611636,107.81465577554843,121.0480896173087,117.32859838931002,82.2639653797457,116.49892703368559,147.71242330961874,146.68674105044394,85.02940667792525,75.84826959133609,184.77294174202024,50.61067081159862,92.55808986793105,83.71863591817535,88.46066922649862,77.67470630778078,73.33484846919642,56.39148871948674,83.70836278413286,84.70537173048709,73.86447048480075,77.01532315065619,89.09545442950498,130.66832056776423,104.27890486574934,65.28399497579785,117.13667231059623,129.0968628588627,115.84040745784694,95.6119239425711,121.83185133617563,130.09058382527155,92.30189597185964,114.14464507807627,129.34546764382586,97.51738306578986,120.81390648431164,95.69033389010616,75.90783885739337,103.6521104464352,112.57886124845996,82.33468284993876,99.99919999679997,136.32681321002116,121.71277665060477,97.22139682189307,83.28361183330128,111.62441489208354,89.67742190763515,104.06829488369644
15,175.3414953740272,416.7577233837425,115.44561490156306,117.74531837826929,120.88821282490696,35.03483980268784,111.26095451684746,92.83404547901594,154.06219523296429,262.6399817240322,96.10520277279477,85.93346263243441,109.30032021911006,90.65318527222306,159.15263114381742,0.0,166.43028570545687,70.33669028323696,65.32258414974105,84.18455915427721,80.88263101556477,114.59476427830374,166.41562426647326,63.18425436768246,145.77914802879047,130.49122575866932,104.83110225500826,151.49257407543118,92.28656456928061,116.98529822161416,87.86603439327395,94.89726023442405,88.84570895659509,188.1654591044807,66.66700833245781,115.54462341450596,69.82900543470457,135.32021282868277,57.3023559725078,101.28454966084412,108.70860131562728,77.12690840426576,108.42711837912138,69.38703048841333,77.67470630778078,85.44331454244973,38.63469942939896,82.27733588297569,113.45730474500088,92.51140470233928,173.80172611340774,92.37726993151507,273.93364159956695,85.62452919578595,110.66616465749593,82.48369535853737,52.44997616777342,60.28731209798626,127.13599018373986,141.44270925007058,80.73388384067745,165.77442504801516,104.26197772917988,119.44659894697713,106.04475470290834,143.0,141.61059282412458,181.89436494845023,113.14455355871091,114.35278746055997,125.52290627610564,216.48787494915274,121.3653986933673,80.9830229122129,96.46082106223231,176.88289911690163,92.0486827716725,103.01242643487241,103.82947558376667,121.50983499289265,103.57683138617439,90.3216474606171,144.76408394349752,109.1886440981845,87.60713441267212,137.39228508180508,95.32869452583519,157.31738619745752,180.33735054059102,127.36954109990347,115.15884681603927,202.23886866772173,142.5635296981665,99.5919675475889,112.29585922909179,151.34847207685976,175.3181108727789,123.46355737625576,186.2819368591598,134.00093283257397
16,34.516083207687394,258.658152780847,59.340121334557445,56.29884545885466,55.79928314951725,138.72620516686817,61.74495930843262,82.5794163215023,55.537014683902484,103.99923076638596,88.57589965673507,85.97813675580554,97.05792085141738,82.70816162870506,43.304041381838715,166.43028570545687,0.0,113.77912813868808,108.7382177525455,126.32561102167683,87.53650667007452,90.04199020457067,66.89813151351836,113.29558685138622,47.57352204745829,43.192128912569245,75.99499983551549,46.83417555589081,98.28270448049341,62.69960127464927,89.9330862363791,90.79785239750993,111.70156668552147,44.61569230663131,112.77326810906918,66.28906395477311,108.47584984686684,50.03238950919694,136.69396475338624,114.70937189262261,110.58589421802402,115.81986012770004,101.82318007212307,128.6477360857936,99.98079815644601,114.16759610327267,166.40913436467363,134.6522929622812,77.80899690909786,94.78206581416127,35.12833614050059,129.46520768144623,119.50313803411188,136.43767808050677,102.56919615557099,133.66091425693602,151.32494837269894,143.40934418649294,86.51728151069011,60.787827728912966,197.9786857214685,51.71421468029849,110.31881072600447,100.84051765039685,98.02168127511382,62.565485692992105,96.98061662002361,62.20321535097683,93.8789113699131,97.49994871793523,80.90883758898035,85.2434161680537,94.21910634260972,131.0781827765399,114.9271508391294,64.98646012824517,127.716247987482,148.1055029362515,132.27335332560372,116.10340218959993,114.67798393763294,132.73673191697918,79.79974937304002,127.85554348560723,133.36450052394002,112.74750551564323,127.80156493564544,94.71409609978865,85.45899601563313,100.68584806217802,125.32054899337139,93.46785543704317,90.79184985448859,134.4702197514379,135.83681386133878,91.97630129549677,90.9063254124816,124.6390388281296,85.02093859750079,116.53106881857731
17,130.31304616192503,362.5275851573229,63.78745958258567,81.06423379024808,80.94078082153644,40.00362483575707,56.720807469569756,50.066056365565686,91.99788041036598,204.67488854278142,33.38802180423392,50.18575495098186,42.24464463100619,34.61574786134195,101.07230085438839,70.33669028323696,113.77912813868808,0.0,35.00985575520128,26.923781309466914,44.29729111356585,50.55106329247685,106.9888311927932,32.09361307176243,85.93957179320827,75.21575632804606,42.06673269936709,94.85910604681028,41.96855966077464,76.6003263700619,32.238021031074474,41.04436623947311,35.77163680906983,128.63160575846047,34.20292385162415,57.45093558855243,27.137428028462832,81.64318710094554,35.2932004782791,46.73981172405383,43.950085324149256,32.28947196842959,48.05507257303853,47.92295900713978,40.3832886228945,31.664017433042194,71.6400027917364,49.311357718075456,68.00448514620193,58.71464893874441,121.13500732653628,46.64343469342711,217.24476978744505,45.49296648933766,54.01157283397698,55.1145171438524,62.25953742198861,78.64229142134657,71.83042530850001,105.0613630218074,90.72711832743283,112.3281353891357,57.101751286628684,62.56868226197512,57.102013974990406,98.01658023008149,82.21684742192441,126.64758189558931,68.91182772209717,73.50244893879386,82.15381914433436,161.93594412606487,74.2132737453348,72.40856302952021,72.12378248539105,121.45620609915329,70.22827066075314,80.83074909958462,68.0338886144251,76.7873036380364,82.20833291096469,73.98141658551829,103.84743617441887,70.05861831352371,79.08577621797741,83.9540945993702,72.56452301228197,104.73877028111414,126.82117331108398,87.31122493700337,76.15517054015439,148.30579894259023,109.40662685596334,94.45956807015371,80.10873859948114,116.59935677352598,129.03987755728846,94.87360012142472,138.8467140410604,94.27088627991147
18,119.64681358063825,353.84182907056083,55.03862280253749,69.23554000656021,65.52526230393893,38.222506458891466,51.4629964148999,30.8441242378512,91.84965977073622,200.5687911914513,39.366102169252166,50.28160697511566,56.67662657568815,33.8325287260648,95.30603338718907,65.32258414974105,108.7382177525455,35.00985575520128,0.0,52.85981460429085,26.127380274340556,55.853021404396735,101.56456074832403,19.284449693989195,82.33614030302853,69.4950357939328,47.57352204745829,87.04849223277793,30.97563558669943,57.334457353322875,29.93259093362952,54.847515896346664,41.48782954072194,130.80733924363724,45.49516457822743,55.04761575218313,36.09722981061012,84.23324759262223,47.80418391731,52.25169853698538,66.00939327095803,33.139704283532765,55.569416048758335,37.285922276376645,33.40898082851376,45.93734863920642,72.47068372797375,50.311430112848115,72.29273822452708,60.692997948692565,115.62871615649809,56.544142048491636,211.3409567499873,60.12686587541379,59.56878377136804,51.70338480215778,68.02381935763384,70.95237839565351,84.67136469905277,91.55959807688104,107.23600141743444,106.18078922290981,57.360613664778725,72.19979224346841,62.22740553807462,95.49052308999046,87.41418649166735,121.85745771186924,62.87487574540406,63.136677137777845,72.45853986936254,154.1766519288832,78.9255345246391,71.05976357967988,57.586890869363664,119.47903581800449,61.54218065684706,75.73136734537414,70.93828303532585,75.28612089887484,82.23770424811238,72.73953532983285,101.58740079360236,75.75645187045127,69.55638000931332,93.10209449845905,70.57790022379527,113.64312561699454,122.78126892975166,90.18669524935483,81.32182978757918,143.27679505069898,100.1956086862094,83.96570728577233,82.11966877673095,104.84102250550592,120.49879667448965,84.08858424304692,133.58353191917035,90.94773224220602
19,145.86980496319313,367.73365361359026,77.77023852348661,102.00215683994138,99.74186683634912,56.124860801609124,71.22948827557306,65.5975609302663,97.0877953194942,211.15340395077698,44.52875475465264,73.87123932898378,37.188170162028676,53.38014612194313,107.9535085117663,84.18455915427721,126.32561102167683,26.923781309466914,52.85981460429085,0.0,66.61411261887379,48.02540994098853,107.16827888885778,46.007499388686625,92.66045542732887,86.68586966743773,52.15323575771689,101.28494458704117,48.18931416818463,92.9513851429875,47.3392015141785,60.521153326750145,30.264831075028322,137.97825915701358,55.201902141140025,66.77544458856114,48.94129136015927,96.89148569404847,40.34798631902217,37.40267370122088,34.233901326024764,39.58484558514786,42.649736224272246,51.21484159889592,59.01389666849665,36.48232448734593,80.76732012392141,41.520597298208514,86.61962826057383,80.04473749098062,131.33225041854723,37.44275630879757,222.92680413086265,41.520597298208514,51.006274123876175,51.4,75.72872638569858,97.0925331835564,82.3526563020283,121.79901477434043,86.1767950204694,120.49082952656605,55.614386627922094,64.67031776634471,67.26670796166556,113.1089740029499,79.09462687186785,133.1989489448021,74.90133510158547,78.75887251605371,92.81077523649934,166.3118757034506,85.58013788257179,89.87263209676236,82.48157369982704,127.42825432375662,74.63618425401985,74.16171519052132,63.474089201815254,75.1089874781973,98.86030548202854,81.08662035132554,117.99728810443061,67.3747727268894,90.1332901873664,80.43233180755112,81.60857798050398,112.11975740252028,129.03472400869464,97.6649374135877,78.10224068488688,151.60791536064335,122.61174495128923,107.42886018198276,79.16539648103836,126.96125393205598,135.5027674994131,98.58848817179418,147.78173094127703,95.90145984290334
20,97.8521333441433,337.0118692271831,40.227975340551254,45.834048479269214,44.640340500493494,55.351964734777034,36.345563690772494,24.595934623429134,79.82455762483121,182.61697620977083,38.031697306325945,33.25296979218548,60.47941798661756,24.041630560342615,81.24506138836995,80.88263101556477,87.53650667007452,44.29729111356585,26.127380274340556,66.61411261887379,0.0,57.83390009328439,93.84540478893999,36.34900273735168,68.80959235455475,52.23753439817006,39.40507581517894,73.95944834840239,38.82022668661274,38.971271470148366,26.661582848735744,42.54515248533021,54.30248613093143,110.76389303378606,43.79372101112213,43.17128675404522,35.489294160352074,62.71172139241595,62.6,63.653436670772145,70.03399174686533,45.45063255885445,60.45527272289821,55.63955427571289,28.70818698559698,52.4762803559856,86.22203894596787,68.63497650615173,52.57147515525887,44.60448407951828,95.90954071415419,69.84812094824026,193.8484975438293,72.00527758435489,62.489999199871974,68.06438128713138,75.22632517942107,71.66421701239747,71.04055179965877,70.20284894503926,123.0965474739239,89.37538811104542,62.68779785572309,68.606778090798,55.13701116310169,74.35724578008521,84.0997027343141,105.8241938310895,58.55160117366561,60.80920982877512,60.166435825965294,139.66746220934925,66.99820893128413,67.12115910798919,57.786590139927796,103.56041714863841,68.54312511112985,90.20399104252539,79.69792970962295,77.95024053843579,71.1010548444958,75.57777451076474,82.69365150965339,80.69299845711522,71.38073969916535,90.9958240800093,70.95604273069348,99.30538756784549,111.5740113108783,78.42831121476479,81.73591621802498,130.40613482501504,84.49355004969314,81.18965451336766,86.83063975348794,91.55086018164985,107.77216709336413,84.68913743804455,116.51506340383634,88.69751969474682
